attn_size: 22
attn_heads: 22
frob_norm_pen: 1.0
cell: lstm
embed_size: 235
gradient_clip_val: 7
keep_prob: 0.7375379578882663
layers: 2
learning_rate: 0.0011477917730985307
margin: 2.96554643647048
min_unk_sub: 4
opt: adam
rnn_hidden_size: 134
weight_decay: 3.502128988823965e-05
name: JTKFQ
seed: 439265
batch_hard: false
