attn_heads: 16
attn_size: 40
cell: lstm
embed_size: 267
frob_norm_pen: 0.0008692806710242267
gradient_clip_val: 4
keep_prob: 0.5155282734792912
layers: 1
learning_rate: 0.003250049066985946
margin: 4.991224613427581
min_unk_sub: 5
opt: adam
rnn_hidden_size: 243
weight_decay: 0.000472676628782122
name: SGIER
seed: 341839
