attn_heads: 6
attn_size: 40
batch_hard: false
cell: lstm
embed_size: 314
frob_norm_pen: 2.630759288658485
gradient_clip_val: 7
keep_prob: 0.5031425845785161
layers: 2
learning_rate: 0.004714253285290363
margin: 19.98500974337189
min_unk_sub: 3
opt: adam
rnn_hidden_size: 241
weight_decay: 0.004056786137695525
name: GVHTV
seed: 265967
